set A:= CCGT    Coal    Solar;
set B:= CCGT Coal;
set h:= 1 2 3 4 5 6 7 8 9 10 11 12 13 14 15 16 17 18 19 20 21 22 23 24;


param FOR:=
    CCGT          0
    Coal          0.2
    Solar         0;
    
param Ki:=
    CCGT    500
    Coal    1000
    Solar   1200;
    
param   demanda:=

1275.174
1264.652
1201.637
1145.616
1093.041
1061.607
991.059
935.15
956.165
969.751
1034.852
1088.931
1122.082
1150.4
1148.223
1136.494
1136.481
1133.377
1135.606
1141.015
1186.394
1352.434
1426.747
1354.71;

param    MCi:=

    CCGT    60
    Coal    30
    Solar   0;
    
    
param    Solar:=


0
0
0
0
0
0
0
0.153
0.633
0.820
0.900
0.917
0.918
0.911
0.909
0.893
0.882
0.858
0.771
0.465
0.025
0.000
0.000
0.000 ;